0.0000&0.0811&0.2098&1.5524&2.2393&2.8527&2.9211&3.8609&5.0862&5.6220&5.9910&6.8667\\0.0811&nan&0.1663&1.5240&2.2168&2.8253&2.8944&3.8340&5.0648&5.6005&5.9666&6.8405\\0.2098&0.1663&0.0000&1.5970&2.2719&2.8803&2.9515&3.8830&5.1068&5.6368&6.0035&6.8697\\1.5524&1.5240&1.5970&0.0000&1.0443&1.5456&1.6106&2.7507&4.0598&4.6593&4.9256&5.8527\\2.2393&2.2168&2.2719&1.0443&0.0000&0.7514&0.8199&1.8705&3.1244&3.7511&4.0066&5.0690\\2.8527&2.8253&2.8803&1.5456&0.7514&0.0000&0.1693&1.6838&3.3080&4.0600&4.1152&5.2779\\2.9211&2.8944&2.9515&1.6106&0.8199&0.1693&0.0000&1.7186&3.3504&4.1422&4.2169&5.4054\\3.8609&3.8340&3.8830&2.7507&1.8705&1.6838&1.7186&0.0000&3.8084&4.4069&4.5888&5.8739\\5.0862&5.0648&5.1068&4.0598&3.1244&3.3080&3.3504&3.8084&0.0000&3.8432&4.4766&6.2455\\5.6220&5.6005&5.6368&4.6593&3.7511&4.0600&4.1422&4.4069&3.8432&0.0000&4.4783&6.1216\\5.9910&5.9666&6.0035&4.9256&4.0066&4.1152&4.2169&4.5888&4.4766&4.4783&0.0000&5.5202\\6.8667&6.8405&6.8697&5.8527&5.0690&5.2779&5.4054&5.8739&6.2455&6.1216&5.5202&0.0000\\